((("set" .
   [1 0 0])
  ("bounds" .
   [2 0 0 0 0 0])
  ("log" .
   [1 0 1])
  ("map" .
   [1 0 0])
  ("addTo" .
   [1 0 0 0 0])
  ("bindPopup" .
   [0 0 0 0 1 0 0 0 0])
  ("lng" .
   [1 0 0])
  ("geometry" .
   [1 0 0 0 0 0 0 0])
  ("location" .
   [1 0 0 0 0 0 0 0])
  ("place" .
   [4 0 0 0 0])
  ("marker" .
   [1 0 0 0 0 0])
  ("instance" .
   [0 0 0 0 0 1 0 0])
  ("if" .
   [1 0])
  ("template" .
   [1 0 0 1 0 1 0 0])
  ("C-tab" .
   [0 0 1 0 0])
  ("------------" .
   [1 0 0 0 0 0 0 0 0 0 0 0])
  ("------" .
   [1 0 0 0 0 0])
  ("web-mode" .
   [0 0 1 0 0 0 0 0])
  ("require" .
   [1 0 0 0 0 0 0])
  ("MODE" .
   [3 0 0 0])
  ("setq" .
   [0 0 0 4])
  ("visible-bell" .
   [0 0 0 0 1 0 0 1 0 0 0 0])
  ("t" .
   [1])
  ("nil" .
   [1 0 0])
  ("emacs" .
   [1 0 0 0 0])
  ("y" .
   [1])
  ("e" .
   [1])
  ("n" .
   [1])
  ("head" .
   [0 0 0 1])
  ("Mongo" .
   [0 0 1 0 0])
  ("Collection" .
   [0 0 1 0 0 0 0 0 0 0])
  ("Template" .
   [1 0 0 2 0 0 0 0])
  ("prepText" .
   [0 0 0 0 1 0 0 0])
  ("helpers" .
   [1 0 0 0 1 0 0])
  ("function" .
   [4 0 0 0 0 0 0 0])
  ("return" .
   [4 0 0 0 0 0])
  ("var" .
   [5 0 0])
  ("sentencyArray3" .
   [1 0 0 0 0 0 0 0 0 0 0 0 0 0])
  ("Session" .
   [1 0 0 2 0 1 1])
  ("get" .
   [3 0 0])
  ("subscribe" .
   [0 0 0 1 0 0 0 0 0])
  ("data" .
   [3 0 0 0])
  ("Places" .
   [1 0 0 0 0 0])
  ("find" .
   [1 0 0 0])
  ("console" .
   [2 0 0 0 0 0 0])
  ("div" .
   [1 0 1])))
